200,   9, 204, 164, 136, 200,   3, 108, 
184, 200,  11, 196, 164, 192, 200,   9, 
196, 164, 168, 200,  11, 196, 164, 168, 
200,  11, 200, 136, 200,  11, 196, 164, 
168, 127, 208, 144, 179,  64,   3, 120, 
129, 244, 225,  71, 196, 164, 160, 128, 
128, 128, 128,  11, 196, 164, 160, 200, 
 11, 204, 164, 168, 200,  11, 137, 143, 
 54, 132, 129, 189,  67, 128, 128, 128, 
244, 179,  11, 196, 164, 160, 200,  11, 
204, 164, 168, 200,  11, 137, 143,  54, 
132, 129, 189,  76, 128, 128, 128, 245, 
144,  11, 196, 164, 160, 200,  11, 204, 
164, 168, 200,  11, 137,  70, 132, 129, 
 67,  11, 196, 164, 160, 127,  64,   9, 
196, 164, 160, 107,  54,  57,  24, 186, 
128, 128, 200,  11, 196, 164, 168, 127, 
208, 152, 107,  24, 179,  64, 200,   3, 
 68, 184,  67, 
